11438,-3762,-1115,-2409,9914,2497,-1227,2295,5300
21392,-5653,-3353,2406,8010,-415,7166,1427,2078
5302,1083,-728,-5320,14112,1699,-863,2371,5136
12782,-4059,-379,-478,9066,1413,1340,1513,5176
12782,-4059,-379,-478,9066,1413,1340,1513,5176
5603,-1351,-600,-2872,11180,2132,600,453,5821
5302,1083,-728,-5320,14112,1699,-863,2371,5136
12782,-4059,-379,-478,9066,1413,1340,1513,5176
9900,-2771,-1324,-7072,14229,3140,-2790,3344,8861
6211,-1358,-896,-8557,15766,3012,-3001,3507,8567
6250,-711,-808,-5153,12794,2636,-1249,2198,5610
6446,-366,-864,-4436,12204,2513,-952,2496,6348
6722,-635,-963,-4287,12460,2028,-908,2162,5668
4716,603,-830,-7798,15474,2480,-1496,1937,6651
6347,-479,-972,-8297,15954,2480,-1968,2131,7649
6875,-970,-932,-4691,12459,2501,-874,1953,5809
7034,-804,-1014,-4420,12564,2058,-851,1994,5758
7377,-742,-998,-4235,11981,2549,-673,1918,5538
7268,-1082,-969,-4186,11839,2663,-825,2029,5839
6844,-996,-856,-3876,11761,2396,-593,1772,6198
9079,-1923,-1236,-4677,12454,2492,-922,2319,5565
6970,-512,-968,-4425,12161,2553,-739,1982,5601
7457,-671,-937,-4849,12495,2643,-1213,2354,5492
8250,-2044,-1127,-8092,15606,2664,-2893,3453,8348
9079,-1923,-1236,-4677,12454,2492,-922,2319,5565
7377,-742,-998,-4235,11981,2549,-673,1918,5538
14155,-5065,-1382,-6550,14633,2039,-1623,1824,6561
6599,-537,-891,-8071,15783,2424,-1983,2234,7462
6257,-303,-1000,-7880,15621,2396,-1714,1904,7046
6071,-747,-856,-7653,15365,2441,-2025,2553,7315
4920,616,-593,-6493,13964,2784,-1774,3178,7005
17492,-7240,-2023,-1791,10323,1701,-186,1329,5406
6719,-994,-925,-4408,12426,2211,-887,2129,6051
7034,-804,-1014,-4420,12564,2058,-851,1994,5758
6602,-841,-939,-4472,12458,2247,-975,2039,6148
8250,-2044,-1127,-8092,15606,2664,-2893,3453,8348
6018,-617,-965,-8645,15881,2975,-1530,1719,7642
6939,-1016,-866,-4428,12473,2177,-1175,2178,6162
7054,-1501,-990,-8156,15544,2812,-1278,1414,7796
5784,-262,-821,-7539,15064,2672,-1982,2681,7427
4763,712,-646,-6821,14399,2640,-1921,3276,6561
6941,-1164,-857,-3825,11597,2534,-416,1540,6039
6461,-907,-882,-4300,12184,2378,-819,1944,5931
6602,-841,-939,-4472,12458,2247,-975,2039,6148
6362,-823,-847,-4426,12109,2616,-743,1857,5635
6362,-823,-847,-4426,12109,2616,-743,1857,5635
6602,-841,-939,-4472,12458,2247,-975,2039,6148
11498,-3759,-1516,-5073,12954,2349,-892,1867,6118
6771,-1139,-977,-7818,15123,2928,-1244,1437,7533
6444,-904,-893,-4563,12308,2535,-903,2016,6728
6461,-907,-882,-4300,12184,2378,-819,1944,5931
6939,-1016,-866,-4428,12473,2177,-1175,2178,6162
8300,-2110,-1120,-4917,12694,2482,-938,2141,5666
8608,-2097,-1178,-5425,13265,2383,-1149,2238,5680
9423,-2839,-1195,-4532,12377,2415,-483,1374,5276
9766,-2953,-1254,-4276,12116,2433,-437,1336,5131
8293,-1611,-1132,-4759,12711,2275,-1013,2415,5509
10424,-3138,-1300,-4221,11938,2584,-547,1658,6183
9269,-2012,-1107,-3990,11762,2527,-569,2093,4913
8293,-1789,-1094,-5025,12925,2327,-1199,2769,6108
11498,-3759,-1516,-5073,12954,2349,-892,1867,6118
8532,-701,-1167,-4095,11879,2508,-797,2424,7010
10463,-2173,-1437,-4856,12635,2482,-1216,2915,7237
8532,-701,-1167,-4095,11879,2508,-797,2424,7010
8532,-701,-1167,-4095,11879,2508,-797,2424,7010
6362,-823,-847,-4426,12109,2616,-743,1857,5635
10463,-2173,-1437,-4856,12635,2482,-1216,2915,7237
6400,-480,-888,-5294,13416,2047,-1296,2203,6137
8532,-701,-1167,-4095,11879,2508,-797,2424,7010
6400,-480,-888,-5294,13416,2047,-1296,2203,6137
6602,-841,-939,-4472,12458,2247,-975,2039,6148
5859,-211,-930,-8255,16017,2353,-1732,1887,7448
6517,-602,-867,-8180,15926,2378,-1618,1771,7633
6014,-220,-795,-4109,12014,2361,-561,1824,5787
6291,-540,-976,-8350,16145,2311,-1714,1858,7326
6240,-466,-822,-8180,15825,2500,-1801,1938,8042
6264,-582,-724,-8312,15948,2504,-1744,1919,8664
3925,4060,-1739,-8973,16552,2545,-3287,3945,8243
6847,-614,-1014,-4669,12737,2139,-1197,2488,6846
8971,-2022,-1242,-5405,13249,2380,-1280,2483,6072
7596,-978,-967,-4808,12571,2503,-1398,2567,5752
6847,-614,-1014,-4669,12737,2139,-1197,2488,6846
6806,-179,-1020,-8097,16415,1687,-3267,4236,7690
17851,-10604,922,-7425,16662,763,-3660,3636,22278
11657,-3781,-1136,-3544,11262,2283,-160,1219,4700
10826,-3654,-1023,-3215,11310,1906,0,999,4960
6493,-2338,-885,-1589,5934,697,-445,1368,2543
12513,-4407,-1242,-2680,10276,2405,-878,2215,4734
7252,-2405,-1223,-2102,6560,523,-112,704,3007
15591,-6402,-1592,-5365,13198,2168,-1300,1824,5075
15265,-6193,-1558,-4125,12116,2010,-888,1639,5220
14201,-5308,-1757,-6087,14472,1617,-2191,3105,5348
13124,-5329,-1390,-3602,11658,1944,-1612,2863,4885
9427,-3036,-959,-2581,10671,1911,-1039,1982,4430
14573,-5482,-1546,-1266,9799,1468,-1040,1912,3810
14052,-5229,-1156,-1325,9420,2252,-498,1957,4116
11093,-3906,-1028,-5047,12492,2879,-1003,1750,5561
12177,-4817,-1069,-1612,9864,2049,-98,850,4471
13244,-5501,-1248,-1508,9858,1935,-270,1083,4366
7474,-2301,-567,-4056,11456,2975,-222,716,4181
8020,-2687,-682,-3704,11879,2052,-965,1921,5556
8532,-701,-1167,-4095,11879,2508,-797,2424,7010
7378,-1255,-1043,-4088,12251,2048,-876,1946,5805
7378,-1255,-1043,-4088,12251,2048,-876,1946,5805
9194,-2787,-1059,-8098,15657,2608,-2610,3064,7867
9701,-3857,-921,-3149,11537,1817,-786,1817,5147
9326,-2882,-1084,-7940,15447,2677,-2620,3090,7740
11629,-5713,-914,-2706,11090,1842,-206,1225,5515
9602,-3823,-937,-2984,11495,1675,-407,1415,5049
9869,-2972,-942,-7314,15098,2369,-1898,2536,7282
9876,-3774,-871,-7613,14807,3071,-1448,1305,7485
11629,-5713,-914,-2706,11090,1842,-206,1225,5515
9602,-3823,-937,-2984,11495,1675,-407,1415,5049
9602,-3823,-937,-2984,11495,1675,-407,1415,5049
10056,-4131,-944,-2576,11143,1625,-238,1294,5179
9602,-3823,-937,-2984,11495,1675,-407,1415,5049
7368,-2141,-598,-5621,13254,2625,-1418,1696,5743
5477,-1435,-992,-1868,6639,510,-58,792,2670
14062,-5199,-1446,-4712,12470,2243,-1286,2028,4836
10744,-3813,-1142,-7962,15966,2075,-2492,2805,7744
8606,-2573,-949,-8237,15489,2974,-2649,3076,9100
8251,-2410,-964,-8047,15430,2823,-2380,2824,8119
8979,-2658,-871,-7721,15500,2357,-1773,2366,6634
8794,-2482,-797,-7804,15403,2572,-1422,1996,7083
9976,-3810,-832,-7115,14463,2906,-901,989,7889
12374,-5016,-1049,-1677,9902,2078,-83,852,4683
13440,-5896,-1279,-1236,9598,1931,-180,1001,4651
6961,-1685,-695,-4625,12945,1836,-1114,2152,5518
8039,-2643,-654,-3783,11230,2930,-206,690,4194
7968,-2565,-636,-2873,10697,2513,180,667,4211
6526,-1720,-1075,-1390,5945,602,-90,820,2380
6578,-259,-502,-5974,13030,3309,-308,1058,4970
8275,-2904,-1260,-128,5305,505,51,481,2450
13014,-4698,-1026,-2001,9615,2386,-164,1423,3759
54480,-17404,-8039,-7505,44044,1136,-580,7158,11891
12432,-4753,-1247,-2110,10691,1629,-412,1623,4926
13161,-5451,-1344,-1989,10654,1531,-47,1271,4955
18285,-8907,-1951,-1845,10688,1323,364,1101,5139
14134,-5576,-1527,-1991,10719,1273,-1158,1929,3581
7286,-2242,-1047,41,4401,457,269,684,1864
13898,-5076,-1447,-1405,10109,1297,-244,1860,3687
13161,-5451,-1344,-1989,10654,1531,-47,1271,4955
10062,-3522,-1000,-7643,15117,2730,-765,817,7322
9084,-2016,-848,-6711,14351,2570,-1059,1725,6135
12771,-4179,-1558,-2149,10938,1375,-453,1751,4494
11634,-3924,-1128,-4968,12954,2015,-1588,2648,7206
10819,-3873,-1099,-4903,13730,1175,-1755,3751,4632
9790,-3338,-603,-2321,10222,2099,-344,1273,4799
3390,480,-500,-800,3610,340,-550,2336,1192
3390,480,-500,-800,3610,340,-550,2336,1192
20183,-4295,-423,-3940,15330,3985,-280,4870,9800
7777,1285,-1053,-9280,16543,2916,-3677,5679,7060
6596,-2079,-562,-4782,13016,1933,-970,1581,5181
6827,-1878,-732,-8429,16012,2564,-704,592,7145
12741,-4916,-1420,-8510,16791,1715,-1767,2302,7771
11044,-3888,-1120,-7248,15167,2208,-1531,2276,8069
9183,-2526,-1078,-7461,15071,2574,-2022,2440,8639
13690,-5358,-1474,-3369,11600,1998,-132,1554,4395
13690,-5358,-1474,-3369,11600,1998,-132,1554,4395
13690,-5358,-1474,-3369,11600,1998,-132,1554,4395
10004,-3219,-1201,-7036,15047,2107,-1863,2565,7736
11044,-3888,-1120,-7248,15167,2208,-1531,2276,8069
13690,-5358,-1474,-3369,11600,1998,-132,1554,4395
12085,-4727,-953,-3257,11489,2002,-511,2046,4592
16212,-8423,-1583,-4336,12583,1937,-195,726,6199
11756,-4754,-874,-3056,11045,2305,-381,1457,6006
12440,-3954,-1183,-1123,9674,1708,-83,1614,4086
13690,-5358,-1474,-3369,11600,1998,-132,1554,4395
13690,-5358,-1474,-3369,11600,1998,-132,1554,4395
12085,-4727,-953,-3257,11489,2002,-511,2046,4592
21461,-10807,-1441,-2332,10599,1999,289,875,7703
12300,-5110,-1304,-9117,17143,1998,-1947,2448,8100
8754,-2732,-1019,-7204,15069,2276,-1702,2334,6982
11940,-4431,-1255,-6766,14428,2542,-993,1165,7421
9636,-2804,-988,-7442,15040,2589,-1803,2311,8621
12628,-4887,-1401,-6861,14996,1962,-2198,2782,7091
10190,-3506,-1312,-7153,15051,2238,-2003,2399,7505
10491,-3423,-1145,-7385,15027,2538,-1809,2275,8692
12343,-4515,-1285,-7165,14899,2435,-1895,2496,8800
11521,-4355,-1065,-6524,13767,3058,-1466,1984,6045
10004,-3219,-1201,-7036,15047,2107,-1863,2565,7736
11401,-4498,-1312,-5088,12751,2613,-838,1568,5941
11705,-4262,-1107,-2282,10791,1709,-555,1713,4945
12297,-4882,-1202,-2106,10691,1623,-88,1312,4790
12741,-4916,-1420,-8510,16791,1715,-1767,2302,7771
11807,-4612,-1294,-8927,16968,1988,-2120,2741,8006
12300,-5110,-1304,-9117,17143,1998,-1947,2448,8100
11434,-4948,-1210,-3746,12042,1903,-666,1479,5235
10592,-4262,-1008,-3514,11355,2465,-870,2025,6386
10592,-4262,-1008,-3514,11355,2465,-870,2025,6386
13426,-6334,-1177,-4244,12136,2371,580,1303,5980
12161,-4457,-1069,-5034,12874,2400,-795,1724,6904
13509,-6199,-1254,-4430,12733,1865,-331,1441,5022
11768,-4971,-1133,-4904,12927,2183,-480,1723,4605
12328,-5256,-1144,-4469,12927,1675,-87,1291,4351
10450,-4329,-878,-3217,11105,2421,-752,1758,6519
11673,-4760,-1041,-3988,12058,2166,-771,1417,5569
13509,-6199,-1254,-4430,12733,1865,-331,1441,5022
9252,-2704,-1064,-5893,14265,1717,-1101,2341,4349
10413,-3996,-993,-3721,11640,2361,-733,1540,6011
11434,-4948,-1210,-3746,12042,1903,-666,1479,5235
13426,-6334,-1177,-4244,12136,2371,580,1303,5980
11540,-4999,-991,-2949,10963,2278,-382,1049,5605
11540,-4999,-991,-2949,10963,2278,-382,1049,5605
11086,-4555,-839,-3512,11310,2517,-815,1341,5940
10763,-4560,-917,-3346,11311,2322,-475,1135,5843
12407,-5222,-1086,-2971,11116,2120,-294,1029,5284
11673,-4760,-1041,-3988,12058,2166,-771,1417,5569
15055,-7391,-1274,-4062,12071,2238,-610,1217,6147
10413,-3996,-993,-3721,11640,2361,-733,1540,6011
11562,-5118,-961,-3022,11007,2311,-525,1569,6097
8458,-2451,-855,-4597,12447,2407,-1475,2482,6526
11434,-4948,-1210,-3746,12042,1903,-666,1479,5235
13426,-6334,-1177,-4244,12136,2371,-580,1303,5980
11434,-4948,-1210,-3746,12042,1903,-666,1479,5235
12836,-5909,-1032,-3087,11132,2236,-35,872,5330
10413,-3996,-993,-3721,11640,2361,-733,1540,6011
13426,-6334,-1177,-4244,12136,2371,-580,1303,5980
13509,-6199,-1254,-4430,12733,1865,-331,1441,5022
11673,-4760,-1041,-3988,12058,2166,-771,1417,5569
8458,-2451,-855,-4597,12447,2407,-1475,2482,6526
15055,-7391,-1274,-4062,12071,2238,-610,1217,6147
11434,-4948,-1210,-3746,12042,1903,-666,1479,5235
13426,-6334,-1177,-4244,12136,2371,580,1303,5980
13426,-6334,-1177,-4244,12136,2371,580,1303,5980
8489,-2583,-1036,-8051,15583,2643,-1307,1407,7354
8489,-2583,-1036,-8051,15583,2643,-1307,1407,7354
8489,-2583,-1036,-8051,15583,2643,-1307,1407,7354
10344,-4210,-620,-2315,10625,1948,93,1058,5541
7310,-2746,-646,-2991,10847,2469,163,585,6324
8519,-3260,-280,-5081,13459,1738,-1449,2960,7809
8068,-2959,-108,-5788,13608,2389,-1002,2237,8162
8519,-3260,-280,-5081,13459,1738,-1449,2960,7809
8523,-3257,-280,-5078,13458,1743,-1449,2961,7809
8068,-2959,-108,-5788,13608,2389,-1002,2237,8162
8519,-3260,-280,-5081,13459,1738,-1449,2960,7809
5155,-1201,200,-5841,13197,2950,-1101,2317,6988
5458,-1448,145,-4479,12338,2401,-1659,3086,6710
3904,-100,262,-4318,12407,2128,-1598,3594,6233
4739,-932,295,-4829,12220,2952,-1027,2341,7083
3894,-110,287,-4672,12610,2295,-2092,4100,6196
5427,-1147,173,-3834,12073,1969,-1444,3320,5621
5323,-1233,399,-4926,12362,2894,-856,2471,5961
3857,452,-46,-6008,14477,1596,-2627,4481,5718
7014,-2067,-540,-4821,13016,1980,-1663,3089,6940
5963,-1357,-172,-5439,12762,3007,-964,2222,7172
6159,-1402,-177,-5439,12762,3007,-955,2200,7104
6550,-1681,-399,-4626,12598,2257,-1807,3354,6486
6041,-1375,-174,-5439,10000,3007,-930,2145,6923
6159,-1402,-177,-5439,12762,3007,-955,2200,7104
5707,-693,-382,-4285,12669,1773,-1615,3519,5410
5263,-612,39,-4950,12426,2843,-935,2423,5941
5656,-659,-346,-3923,12306,1791,-1602,3509,5442
5656,-659,-346,-3923,12305,1790,-1602,3509,5442
5280,-614,39,-4950,12426,2843,-939,2434,5968
5656,-659,-346,-3923,12306,1791,-1602,3509,5442
10887,-6152,1034,-3564,12412,4224,63,626,10123
4932,-835,141,-4878,11868,3437,-1138,1961,7067
8737,-4937,830,-2860,9961,3390,51,502,8124
4932,-835,141,-4878,11868,3437,-1138,1961,7067
9296,336,-1088,-6442,14323,2289,-1433,2942,5756
9662,-684,-279,-4903,12293,2950,-344,1669,6024
5110,-1357,-308,-5573,12835,3077,-1279,2025,7010
101,-20,-2,-11,145,41,-24,1,56
7025,-1415,-704,-5188,13765,1424,-1248,2742,6038
13891,-6055,-803,-465,9919,642,2121,82,1291
17523,-4827,-2510,756,8546,-137,6113,1649,2250
20620,-7572,-2801,-103,10073,-396,3551,-233,2220
10868,-1852,-644,-1537,11083,484,2343,628,2216
10592,-2206,-967,-1944,11685,230,2206,670,1273
24542,-10860,-3401,-1490,11370,-297,2858,-605,3225
20482,-7172,-3125,-1033,10410,-285,2542,226,3136
23617,-10175,-3149,-2054,11749,-272,2586,-489,3453
13095,-6231,154,12221,-21,-2137,895,4602,2258
18244,-6351,-2739,-791,11193,-521,3711,-129,2802
11775,-5884,950,9556,1846,-1286,-1019,6221,2728
16623,-6309,-1411,-4344,13923,323,2285,274,2926
5494,2393,-232,-6427,13850,2846,-1876,3997,5445
5494,2393,-232,-6427,13850,2846,-1876,3997,5445
7791,3128,-776,-8588,16458,2039,-2455,4006,6198
10592,-2206,-967,-1944,11685,230,2206,670,1273
9898,-2700,-940,-2478,12219,206,1985,634,1031
16414,-6060,-1470,-3555,13037,473,2545,122,4948
21179,-8316,-2918,-915,11019,-165,3477,-180,4210
21875,-8006,-2558,634,8194,1104,1535,951,6969
9658,-3314,-823,-5163,12695,2768,-1342,1843,6044
10511,-3836,-1102,-6946,14587,2558,-1481,1792,6246
12805,-4662,-1376,-7480,15267,2360,-1626,2194,7904
11313,-3559,-1101,-3893,11891,2257,-1214,2398,4908
12729,-4717,-1188,-1367,9187,2582,274,860,4411
11749,-4048,-1309,-1867,10572,1489,-138,1449,4522
11265,-4286,-992,-4694,12343,2647,-1090,1523,5447
8236,1746,-1313,-8251,15953,2428,-3672,5786,5771
7914,1414,-1190,-8776,16582,2280,-2811,4605,5562
7914,1414,-1190,-8776,16582,2280,-2811,4605,5562
8236,1746,-1313,-8251,15953,2428,-3672,5786,5771
8236,1746,-1313,-8251,15953,2428,-3672,5786,5771
8236,1746,-1313,-8251,15953,2428,-3672,5786,5771
7914,1414,-1190,-8776,16582,2280,-2811,4605,5562
7914,1414,-1190,-8776,16582,2280,-2811,4605,5562
7914,1414,-1190,-8776,16582,2280,-2811,4605,5562
7914,1414,-1190,-8776,16582,2280,-2811,4605,5562
3952,2188,449,-6701,14584,2275,-4536,7349,6535
8035,435,-962,-6001,13872,2320,-1159,3065,5434
10325,845,-604,-4113,13385,481,-1791,4163,6924
8035,435,-962,-6001,13872,2320,-1159,3065,5434
6294,686,-712,-5435,13417,2211,-1006,2435,5042
8236,1746,-1313,-8251,15953,2428,-3672,5786,5771
8236,1746,-1313,-8251,15953,2428,-3672,5786,5771
8236,1746,-1313,-8251,15953,2428,-3672,5786,5771
3952,2188,449,-6701,14584,2275,-4536,7349,6535
7691,-108,-339,-6185,13627,2833,-2046,3899,5952
6719,1147,-148,-6929,14061,3176,-1781,3343,5424
7914,1414,-1190,-8777,16582,2280,-2811,4605,5562
7989,-113,-352,-6185,13627,2833,-2028,3866,5901
8209,-116,-362,-6185,13627,2833,-1962,3740,5709
7361,1257,-163,-6929,14061,3176,-1839,3454,5603
7167,1224,-158,-6929,14061,3176,-1826,3429,5562
7527,1285,-166,-6929,14061,3176,-1995,3747,6077
7361,1257,-163,-6929,14061,3176,-1695,3182,5162
7743,-2896,-921,-4211,12271,2169,-697,1562,5491
7675,-2196,-305,-5860,14119,1856,-2425,4006,6578
6687,-1751,-291,-3556,11373,2492,-548,2204,7146
9090,-3342,-740,-4006,13456,493,-569,2266,6871
7199,-2140,-712,-4005,13327,649,-810,2521,6673
10068,-4043,-1068,-5319,14268,1044,-765,1701,6522
12312,-5440,-1307,-6408,15499,824,-1075,1677,7220
11865,-4523,-1441,-5423,14458,935,-1587,2687,4830
6063,-2234,-231,-5210,13787,1500,-1043,2866,6997
5627,-721,-447,-4423,12456,2192,-1048,2948,7379
5092,-1630,-470,-6313,14297,2170,-1603,3135,5982
5749,-1072,-382,-4274,12432,2048,-1166,3104,7105
6375,-2062,-732,-4878,12838,2262,-877,1705,6204
6295,-1679,-475,-5586,13046,2837,-1410,1889,7075
8336,-2853,-699,-4425,11989,2760,-954,1625,6396
9055,-2611,-666,-4906,12652,2519,-555,1384,7417
9062,-3198,-828,-4065,11772,2603,-761,1468,6458
7645,2579,-1363,-8689,16717,2015,-3712,5941,5961
16695,-3761,-2151,155,9682,163,3433,951,4904
9117,-3063,-973,-7949,15763,2306,-2752,3136,8093
11555,-4064,-1256,-7903,15633,2409,-2811,3320,7358
11050,-3791,-1199,-7875,15585,2434,-2797,3359,7560
9258,-2879,-1008,-8076,15847,2351,-2806,3280,7821
9274,-2548,-1167,-8220,16324,1943,-2273,2721,8340
8560,-2487,-986,-8112,15535,2771,-1209,1324,7743
9097,-2726,-1053,-8073,15506,2762,-966,981,7763
11280,-3564,-1370,-4655,12374,2282,-1423,2168,5396
10284,-3283,-1086,-7957,15762,2316,-829,882,6644
10239,-3104,-1099,-8037,15727,2451,-927,925,6871
8898,-989,-1033,-3292,11619,1674,-661,3178,5216
6588,-1305,-693,-3277,10987,2634,-355,2016,5106
6588,-1305,-693,-3277,10987,2634,-355,2016,5106
5958,-1559,-571,-4021,11453,2939,-634,1548,5087
7520,-2518,-645,-3844,12102,1945,-913,2249,6835
6612,-1342,-618,-3338,11055,2623,-174,1792,5075
6588,-1305,-693,-3277,10987,2634,-355,2016,5106
5958,-1559,-571,-4021,11453,2939,-634,1548,5087
8994,-2667,-865,-4594,12324,2552,-699,1786,6260
9846,-2085,-1019,-3278,11109,2170,-774,2134,5745
11280,-3564,-1370,-4655,12374,2282,-1423,2168,5396
9349,-2988,-1001,-7918,15766,2266,-2097,2680,6839
7842,-2320,-992,-8154,15718,2599,-1098,1342,7560
8489,-2583,-1036,-8051,15583,2643,-1307,1407,7354
7971,-2314,-913,-8451,15762,2894,-1442,1520,7610
10601,-3487,-1127,-2931,11443,1676,-587,1740,5278
14387,-6014,-1299,-1357,9975,1616,467,1047,4744
8198,-2239,-724,-4871,12389,2798,-1043,2050,7181
14294,-6116,-1333,-1628,10219,1637,-14,1158,5022
9698,-3367,-914,-4706,12584,2368,-837,968,5801
11432,-3679,-1111,-3169,11239,2202,-791,1380,4455
11053,-4269,-1024,-1976,10182,2088,-526,1263,4469
10321,-3920,-931,-2750,11146,1824,-442,1545,5539
10321,-3920,-931,-2750,11146,1824,-442,1545,5539
10321,-3920,-931,-2750,11146,1824,-442,1545,5539
10321,-3920,-931,-2750,11146,1824,-442,1545,5539
13307,-5641,-1290,-2048,10581,1689,-64,1222,5176
8736,-2458,-935,-9075,16894,2251,-1354,1242,8263
7911,-2167,-813,-5327,13150,2408,-1288,2483,7968
7013,-1408,-635,-5268,12902,2640,-1470,2801,7379
6988,-1384,-714,-5631,13410,2447,-1485,2204,7318
6988,-1384,-714,-5631,13410,2447,-1485,2204,7318
8821,-2938,-785,-4178,12142,2287,-824,1651,6860
7309,-1403,-519,-8474,16008,2622,-2433,2826,8064
8198,-2239,-724,-4871,12389,2798,-1043,2050,7181
8322,-3112,-1047,-6367,14342,2179,-988,1638,6394
6988,-1384,-714,-5631,13410,2447,-1485,2204,7318
8821,-2938,-785,-4178,12142,2287,-824,1651,6860
8821,-2938,-785,-4178,12142,2287,-824,1651,6860
8198,-2239,-724,-4871,12389,2798,-1043,2050,7181
8322,-3112,-1047,-6367,14342,2179,-988,1638,6394
8322,-3112,-1047,-6367,14342,2179,-988,1638,6394
8813,-3210,-1036,-4703,12868,2021,-1054,1940,6129
5902,-933,-782,-8983,16719,2354,-1402,1455,6464
8367,-2248,-763,-8758,16447,2422,-1527,1550,8053
9030,-1992,-715,-8465,16302,2255,-2689,3217,8069
8813,-3210,-1036,-4703,12868,2021,-1054,1940,6129
8178,-2245,-609,-4857,12394,2776,-1207,2086,7298
8178,-2245,-609,-4857,12394,2776,-1207,2086,7298
8139,-2171,-663,-8747,16541,2295,-1925,2008,8093
9020,-2890,-715,-4535,12436,2348,-934,1919,7086
9943,-3269,-839,-5323,13269,2259,-1198,2083,7557
7866,-2108,-555,-4869,12483,2681,-1176,2069,7501
11973,-5685,-888,-1965,10326,1901,-115,1123,7169
9369,-3195,-791,-4488,12430,2301,-893,1796,6872
10405,-3755,-1270,-5461,13787,1793,-1040,2015,6785
8819,-2543,-911,-9025,16928,2151,-1329,1213,8449
6992,-1668,-806,-8138,15748,2543,-874,850,7897
7732,-2422,-789,-8238,15884,2498,-859,783,7330
8736,-2458,-935,-9075,16894,2251,-1354,1242,8263
7732,-2422,-789,-8238,15884,2498,-859,783,7330
8629,-2410,-883,-9055,16940,2171,-1490,1363,8520
7309,-1403,-519,-8474,16008,2622,-2434,2826,8064
7659,-2238,-935,-8942,16969,2004,-2701,3051,8690
7702,-2245,-975,-9114,17242,1875,-2679,3055,8521
7637,-2199,-974,-9109,17099,2043,-2822,3306,8372
5733,-911,-629,-7967,15987,2055,-3050,4013,7048
10231,-2768,-1254,-8302,15900,2551,-797,681,7148
8828,-2406,-694,-4874,12603,2541,-660,1509,7587
7171,-1986,-648,-8085,15555,2718,-2170,2512,7457
8139,-2171,-663,-8747,16541,2295,-1925,2008,8093
8598,-2848,-857,-5618,13606,2195,-1002,1773,7137
9200,-3522,-992,-5755,13803,2117,-753,1486,6338
9028,-3423,-1035,-6321,14265,2217,-1013,1683,6928
8598,-2848,-857,-5618,13606,2195,-1002,1773,7137
11640,-4829,-1079,-5107,13006,2325,-972,1711,7380
8695,-2558,-648,-5015,12711,2575,-1279,2215,7514
9943,-3269,-839,-5323,13269,2259,-1198,2083,7557
13705,-6004,-1400,-5464,13568,2062,-940,1706,7618
13389,-6049,-1441,-4544,12757,1969,229,498,7390
11640,-4829,-1079,-5107,13006,2325,-972,1711,7380
8992,-3093,-639,-2563,10721,2122,-437,1270,5473
10633,-3234,-1285,-7460,15570,1967,-1917,2510,6299
10445,-3362,-1307,-7662,15690,2058,-1135,1176,7602
10252,-3531,-1095,-7114,14850,2436,-1451,1723,6365
10793,-3791,-1146,-7498,15177,2488,-1390,1577,7321
8606,-2509,-1014,-8238,15714,2703,-942,979,7760
7828,-1761,-348,-5788,14071,1830,-2853,4518,6557
8961,-2473,-1084,-7979,15990,2067,-2319,3035,8249
6169,-1483,-21,-7107,14761,2536,-2904,3580,8568
8856,-2582,-1026,-7761,15766,2082,-2009,2575,7469
8746,-2425,-1095,-7594,15612,2073,-1780,2309,7416
8745,-2425,-1095,-7594,15613,2073,-1780,2309,7416
8136,-1968,-299,-5481,13742,1871,-2556,4205,6630
8785,-2529,-1033,-7639,15624,2112,-1783,2300,7817
8344,-2322,-1020,-7596,15635,2048,-1748,2269,7287
8453,-2198,-1092,-7609,15681,2008,-1725,2337,7824
8453,-2198,-1092,-7609,15681,2008,-1725,2337,7824
12970,-4703,-1433,-7466,15843,1644,-2191,2451,6668
13414,-4950,-1517,-7166,15293,1960,-2325,2664,7212
8144,-1861,-1111,-7763,15894,1929,-1865,2542,7607
11846,-4767,-945,-7027,15878,1089,-2699,4122,8311
9487,-2875,-1115,-7533,15606,2010,-1618,2100,7389
11200,-3783,-1325,-4576,12593,2206,-695,1742,7504
8343,-2050,-1021,-7715,15705,2103,-1831,2380,8235
8343,-2050,-1021,-7715,15705,2103,-1831,2380,8235
7575,-2159,-571,-3722,11341,2725,-1434,2819,6271
8380,-2630,-639,-2887,10725,2496,-627,1427,5438
9476,-3182,-765,-2613,10958,1893,-449,1315,5268
9197,-3190,-659,-2606,10830,2039,-458,1250,5458
11409,-3872,-1393,-4572,12757,2003,-709,1810,7415
11408,-4289,-1215,-4286,12385,2118,-387,1467,7787
15030,-5552,-1806,-3987,12387,1767,-592,1670,7023
7575,-2159,-571,-3722,11341,2725,-1434,2819,6271
8380,-2630,-639,-2887,10725,2496,-627,1427,5438
8380,-2630,-639,-2887,10725,2496,-627,1427,5438
9197,-3190,-659,-2606,10830,2039,-458,1250,5458
9197,-3190,-659,-2606,10830,2039,-458,1250,5458
8380,-2630,-639,-2887,10725,2496,-627,1427,5438
7575,-2159,-571,-3722,11341,2725,-1434,2819,6271
8380,-2630,-639,-2887,10725,2496,-627,1427,5438
9476,-3182,-765,-2613,10958,1893,-449,1315,5268
8380,-2630,-639,-2887,10725,2496,-627,1427,5438
11896,-5110,-1076,-3181,11378,2048,-519,1224,5166
11896,-5110,-1076,-3181,11378,2048,-519,1224,5166
9383,-3170,-763,-2457,10702,2020,-384,1236,5552
7687,-1984,-606,-4327,11928,2721,-1381,2339,6452
11896,-5110,-1076,-3181,11378,2048,-519,1224,5166
9422,-3258,-711,-2655,10898,2015,-512,1354,5512
8380,-2630,-639,-2887,10725,2496,-627,1427,5438
9476,-3182,-765,-2613,10958,1893,-449,1315,5268
10156,-3425,-1077,-2611,11177,1624,-385,1592,5080
12078,-4836,-1069,-6671,14306,2578,-786,939,7418
11766,-4445,-1067,-6901,14421,2707,-1029,1217,7572
9493,-3415,-666,-5211,12334,3260,-1548,2262,6482
10593,-3607,-1010,-5881,13127,3084,-1200,1805,6721
11597,-4006,-1049,-5432,12799,2957,-1029,1750,6516
10915,-3677,-982,-5587,12986,2911,-1168,1968,6223
11856,-4469,-1159,-4814,12368,2756,-993,1779,5589
11522,-4044,-1146,-4736,12172,2904,-988,1829,6039
8360,-2420,-880,-3928,12353,1739,-1381,2416,5173
11426,-4159,-1126,-2066,10678,1593,-120,1327,4998
10899,-3833,-1082,-2112,10736,1575,-267,1452,5269
9777,-3483,-925,-2886,11297,1800,-602,1663,5134
10901,-4095,-1074,-1141,9208,2293,-62,1417,5158
9777,-3483,-925,-2886,11297,1800,-602,1663,5134
9488,-3984,-714,-2887,10945,2229,-137,960,5786
12782,-4059,-379,-478,9066,1413,1340,1513,5176
10504,-2438,-1189,-8603,16207,2531,-1022,863,12242
10829,-2838,-1115,-8339,15817,2696,-837,680,11939
10504,-2438,-1189,-8603,16207,2531,-1022,863,12242
10371,-2333,-1206,-8688,16231,2602,-1230,1116,11282
9651,-2059,-1189,-8881,16512,2487,-1460,1345,10687
8134,-2728,-645,-4365,11987,2694,-838,1509,6498
9679,-2965,-811,-8622,16514,2182,-975,883,9793
11095,-3157,-1324,-8377,15834,2720,-1108,947,11688
9427,-2714,-868,-7493,16092,1373,-2199,3264,7180
9186,-2678,-907,-8693,16517,2260,-1129,1094,8524
9730,-2989,-970,-8527,16258,2381,-1060,970,8362
7825,-2160,-1403,-4841,13555,1349,-1559,2449,5814
8843,-2837,-625,-5025,12644,2668,-411,1234,7410
9895,-3077,-850,-5304,13035,2521,-883,1768,6936
8596,-2981,-639,-4202,12046,2431,-685,1424,6122
8134,-2728,-645,-4365,11987,2694,-838,1509,6498
9251,-3817,-1069,-4627,12667,2175,-798,1660,5633
7415,-2052,-721,-5186,12788,2682,-1446,2157,6773
8109,-2740,-608,-4593,12175,2731,-1006,1515,6545
8109,-2740,-608,-4593,12175,2731,-1006,1515,6545
8170,-2725,-639,-4440,12017,2744,-771,1465,6599
8713,-2833,-743,-4342,11900,2772,-722,1543,6247
8766,-3149,-747,-3976,11943,2292,-517,1259,5552
9142,-2947,-678,-8648,16967,1663,-2224,2898,8615
8617,-3228,-1034,-4674,12821,2044,-803,1577,5728
8512,-3211,-787,-4167,11966,2487,-638,1288,6054
8662,-3280,-798,-3928,11771,2444,-586,1232,6054
12995,-5593,-1107,-1879,10139,2027,-64,1233,4919
10901,-3938,-1025,-2743,11210,1738,-823,1805,5344
11562,-4183,-1172,-2357,10919,1641,-582,1726,5112
11731,-4169,-1267,-2015,10727,1473,-217,1492,4870
9296,-3146,-888,-2860,11287,1783,-618,1698,5151
10646,-3593,-1158,-3329,11699,1831,-667,2874,6287
9519,-3591,-664,-4074,11725,2671,-624,1501,6653
11822,-5321,-1249,-5958,15114,766,-614,1264,7043
9397,-3719,-805,-5425,13326,2309,-972,1715,6034
9744,-3905,-779,-4899,12807,2324,-798,1630,5827
9744,-3905,-779,-4899,12807,2324,-798,1630,5827
8770,-3194,-820,-2871,11281,1803,-513,1552,4434
9803,-4185,-992,-4066,12578,1628,-838,1824,5288
7830,-2696,-763,-3325,11667,1866,-641,1712,4824
7386,-2443,-743,-3437,11864,1757,-608,1660,4766
16197,-6146,-1761,-2393,10765,1869,366,2238,5248
11904,-4541,-1189,-2355,10899,1662,-296,1586,4289
8112,-2563,-740,-3730,11784,2197,-941,2075,4933
8378,-2798,-769,-3068,11410,1877,-538,1792,4623
9932,-3060,-935,-5809,13331,2753,-1267,2155,5575
10109,-3488,-993,-5412,12812,2916,-1305,2140,5543
10976,-4029,-1141,-7918,15491,2600,-1670,2071,8246
9938,-2780,-890,-4604,12393,2480,-1117,2304,4620
13639,-5535,-1371,-1698,9633,2430,316,1152,4108
7906,-2709,-594,-6231,13351,3220,-1922,2631,6537
11532,-4324,-1066,-2375,10847,1749,-564,1699,4351
8550,-2908,-842,-3195,11529,1881,-338,1603,4631
8986,-2755,-802,-6341,13575,3077,-1476,2144,6379
8025,-1942,-1050,-7920,15904,2100,-2456,3005,7039
8054,-1885,-1025,-8349,16367,2040,-2805,3542,7629
11340,-4069,-1275,-7555,15266,2448,-2960,3426,7685
9379,-3267,-816,-3227,11560,1881,-926,1928,5340
8585,-3127,-833,-4005,12250,1953,-650,1494,4862
8844,-3538,-768,-3709,11762,2200,-698,1792,5220
10704,-4187,-1230,-8314,15952,2501,-920,945,8927
8048,-2810,-623,-6450,13519,3272,-1700,2146,7049
8128,-2668,-655,-6134,13307,3161,-1782,2568,6083
10909,-4295,-948,-1333,9306,2399,22,1738,4582
10148,-3743,-991,-2837,11366,1659,-701,1893,4899
7790,-2736,-755,-3452,11870,1769,-628,1647,4898
9082,-2907,-925,-6119,13377,3058,-1797,2641,5609
9657,-3963,-748,-3361,11378,2258,-568,1415,5158
8370,-2869,-710,-3389,11372,2298,-640,1599,4887
10113,-3400,-1114,-4765,12683,2317,-377,1437,6710
8199,-2065,-1056,-8124,16156,2033,-2458,3022,7220
10113,-3400,-1114,-4765,12683,2317,-377,1437,6710
6763,-1919,-863,-3868,11515,2684,-1216,2387,5879
7798,-2562,-740,-3879,11584,2613,-1055,2248,5434
8294,-2891,-651,-3869,11590,2595,-1183,2267,5352
7610,-2780,-576,-4614,12195,2733,-1375,2393,6490
7610,-2780,-576,-4614,12195,2733,-1375,2393,6490
7685,-2375,-634,-3687,11700,2249,-748,1546,5111
6299,-1466,-532,-6535,13852,2969,-2331,3112,5984
7780,-2410,-806,-3913,11724,2484,-1018,2390,5298
6559,-1752,-491,-3672,11407,2586,-962,1875,5130
7122,-2108,-512,-3155,11201,2231,-541,1423,5045
6929,-2355,-708,-4192,12534,1828,-1097,1989,5195
9300,-3659,-755,-2981,10988,2287,-190,1077,5016
7641,-2336,-605,-3218,11299,2187,-485,1338,5121
6770,-1895,-744,-5232,13145,2303,-1664,2691,5703
8238,-3244,-679,-3921,11814,2384,-836,2022,5852
7610,-2780,-576,-4614,12195,2733,-1375,2393,6490
7888,-1902,-1011,-8106,16085,2099,-2353,2866,7330
7888,-1902,-1011,-8106,16085,2099,-2353,2866,7330
9051,-2468,-1204,-5212,13276,2121,-1197,2510,6890
8228,-2945,-660,-3938,11792,2430,-1094,2278,5793
8130,-2801,-946,-3520,11289,2552,-1314,2511,5791
7610,-2780,-576,-4614,12195,2733,-1375,2393,6490
7610,-2780,-576,-4614,12195,2733,-1375,2393,6490
7610,-2780,-576,-4614,12195,2733,-1375,2393,6490
7771,-3020,-629,-4029,11950,2345,-821,1977,6119
6763,-1919,-863,-3868,11515,2684,-1216,2387,5879
7610,-2780,-576,-4614,12195,2733,-1375,2393,6490
7564,-2263,-606,-3148,11239,2177,-540,1435,4853
7564,-2263,-606,-3148,11239,2177,-540,1435,4853
7790,-2736,-755,-3452,11870,1769,-628,1647,4898
7790,-2736,-755,-3452,11870,1769,-628,1647,4898
8607,-2822,-808,-3755,11930,2049,-820,2060,5224
8802,-3135,-789,-3151,11468,1904,-550,1745,4810
8550,-2908,-842,-3195,11529,1881,-338,1603,4631
9052,-3117,-883,-3045,11346,1927,-205,1520,4730
12194,-5340,-1329,-3035,11394,1858,-50,1418,5219
3906,1422,-467,-9953,18472,1365,-3307,4496,6406
2905,732,-237,-8134,16626,1476,-3038,4253,7517
6644,-2257,-804,-6459,14562,2019,-1221,1876,6411
8035,435,-962,-6001,13872,2320,-1159,3065,5434
10325,845,-604,-4113,13385,481,-1791,4163,6924
8035,435,-962,-6001,13872,2320,-1159,3065,5434
6294,686,-712,-5435,13417,2211,-1006,2435,5042
10325,845,-604,-4113,13385,481,-1791,4163,6924
8035,435,-962,-6001,13872,2320,-1159,3065,5434
6294,686,-712,-5435,13417,2211,-1006,2435,5042
10999,354,-742,-4590,13342,937,-1060,2166,8120
10058,1079,-587,-4135,12903,944,-916,2726,7480
8035,435,-962,-6001,13872,2320,-1159,3065,5434
6294,686,-712,-5435,13417,2211,-1006,2435,5042
6516,-2050,-507,-8217,16703,1479,-3492,4741,8489
4516,-244,-36,-7020,14976,2174,-3206,4670,7087
8035,435,-962,-6001,13872,2320,-1159,3065,5434
5053,-24,-117,-5685,14077,1703,-2619,4491,5850
8035,435,-962,-6001,13872,2320,-1159,3065,5434
2905,732,-237,-8134,16626,1476,-3038,4253,7517
14603,-4122,-528,-1810,9794,2017,-297,2763,5936
13458,-2556,-510,-5444,15081,205,0,0,12120
21014,-7891,-2613,-3056,12201,856,-2203,5125,8042
10531,-4043,-878,-2038,10270,2052,-107,895,4577
8849,-2560,-689,-5092,12831,2520,-507,1280,7104
8846,-2704,-729,-5265,12708,2871,-1471,1955,6218
8170,-2496,-655,-5147,13056,2312,-1367,1859,5265
8771,-3151,-837,-3097,11015,2389,-703,1343,4924
6127,-1777,-585,-5913,13699,2428,-1088,1780,6017
5329,-1459,-390,-5407,12930,2768,-1119,1772,6046
5329,-1459,-390,-5407,12930,2768,-1119,1772,6046
8040,-2368,-626,-4659,12543,2363,-1125,1581,5660
7834,-2182,-739,-5453,13409,2241,-952,2005,6620
8849,-2560,-689,-5092,12831,2520,-507,1280,7104
10228,-3159,-933,-5304,13158,2371,-943,1873,6685
7837,-2538,-730,-4370,12184,2461,-868,1648,5830
13168,-5128,-1663,-3006,11569,1611,-373,1244,4907
8963,-2926,-754,-4881,12921,2164,-1464,1944,4901
8898,-2498,-994,-3144,11328,2066,-760,1381,4576
10648,-3897,-1055,-2022,10573,1668,-492,1611,4742
13699,-5767,-1384,-4449,13879,499,-467,1691,5892
9927,-3704,-1024,-3935,12758,1257,-389,1512,4993
9927,-3704,-1024,-3935,12758,1257,-389,1512,4993
13292,-6142,-1268,-4095,12890,1283,-557,1930,5163
13292,-6142,-1268,-4095,12890,1283,-557,1930,5163
7557,-2522,-739,-4679,12949,1894,-840,1777,5311
8060,-2933,-761,-4504,12890,1762,-630,1489,5227
8060,-2933,-761,-4504,12890,1762,-630,1489,5227
7557,-2522,-739,-4679,12949,1894,-840,1777,5311
7557,-2522,-739,-4679,12949,1894,-840,1777,5311
6933,-2268,-753,-4921,13387,1647,-803,1641,6096
6933,-2268,-753,-4921,13387,1647,-803,1641,6096
6933,-2268,-753,-4921,13387,1647,-803,1641,6096
10332,-3234,-1168,-6111,14639,1520,-1352,2647,8331
10332,-3234,-1168,-6111,14639,1520,-1352,2647,8331
10686,-4042,-1052,-3595,13238,276,-464,1259,5931
10332,-3234,-1168,-6111,14639,1520,-1352,2647,8331
10686,-4042,-1052,-3595,13238,276,-464,1259,5931
5222,-1196,-550,-6540,14649,2009,-1666,2819,5657
12093,-3557,-1155,-1000,9534,1733,-22,1787,4576
7675,-2195,-305,-5860,14118,1857,-2425,4007,6578
11885,-3968,-1473,-4214,12299,1916,-835,1655,5549
13801,-3390,-1016,5535,3802,877,1848,4245,3730
13801,-3390,-1016,5535,3802,877,1848,4245,3730
13801,-3390,-1016,5535,3802,877,1848,4245,3730
13801,-3390,-1016,5535,3802,877,1848,4245,3730
1295,108,-311,256,828,-65,-28,750,254
1295,108,-311,256,828,-65,-28,750,254
13564,-2537,-751,-5465,15154,194,-67,116,10425
6787,-1682,575,-3091,8357,160,217,-369,12314
13589,-2509,-739,-5440,15104,193,-61,105,10554
13556,-2537,-730,-5462,15144,195,-61,106,10577
5133,-1895,-353,4978,744,144,3837,3069,2777
5133,-1895,-353,4978,744,144,3837,3069,2777
5133,-1895,-353,4978,744,144,3837,3069,2777
5133,-1895,-353,4978,744,144,3837,3069,2777
13704,-2452,-857,-5413,15073,186,-89,151,9820
12774,-2591,-394,-5333,14676,207,15,-21,12127
13100,-3638,-847,6855,2369,580,2723,3218,3251
16442,-2956,-2422,-2877,12128,750,-1136,6066,4559
8512,-2641,-694,-8042,15670,2526,-1821,2117,7414
7511,-2571,-692,-7894,15088,3060,-948,1111,8128
13076,-5686,-1481,-4027,12851,1251,-167,725,4937
8280,-2987,-703,-3531,11645,2133,-550,1542,5312
6355,-2067,-490,-3653,11542,2400,-406,1258,5506
10315,-4390,-937,-4859,12734,2365,-734,1537,5997
7325,-2321,-596,-3494,11674,2055,-668,1562,5031
11176,-4700,-965,-4004,12184,2032,-763,1726,5876
6596,-2079,-562,-4782,13016,1933,-970,1581,5181
8651,-2754,-1057,-3464,12207,1373,-568,1398,4434
7699,-2566,-629,-2967,11270,1928,-378,1286,4807
6679,-1825,-745,-5047,13256,1953,-1580,2422,5183
6629,-1900,-483,-4618,12349,2550,-622,1381,6514
6344,-1612,-462,-4863,12477,2681,-865,1786,6899
6344,-1612,-462,-4863,12477,2681,-865,1786,6899
9396,-3507,-843,-2497,11111,1572,-343,1355,5089
9437,-2811,-774,-8405,16215,2290,-710,596,7181
6038,-1484,-579,-9145,16746,2512,-875,746,7218
9847,-3091,-928,-8485,16345,2225,-715,595,7103
9847,-3091,-928,-8485,16345,2225,-715,595,7103
9847,-3091,-929,-8485,16346,2225,-714,595,7103
6038,-1484,-579,-9145,16746,2512,-875,746,7218
4950,-580,-103,-5228,12542,3029,-709,1435,7371
5932,-1492,-411,-4813,12285,2856,-741,1524,6739
6046,-1127,-278,-5574,13076,2786,-691,1419,7625
4950,-580,-103,-5228,12542,3029,-709,1435,7371
5775,-805,-359,-8574,16295,2391,-1943,2341,7249
5413,-1162,-365,-5665,13098,2866,-608,1179,8440
5209,-1072,-397,-8845,16120,2919,-1618,1803,8654
6435,-1903,-536,-4722,12449,2550,-663,1363,6517
5991,-1732,-443,-4100,11989,2381,-704,1467,5992
6660,-1918,-471,-4613,12398,2485,-649,1433,6447
8161,-2947,-739,-4811,12668,2389,-437,1229,6524
7662,-2686,-660,-5240,12965,2530,-796,1508,6167
6640,-1847,-503,-5238,13010,2474,-993,1673,6527
6629,-1900,-483,-4618,12349,2550,-622,1381,6514
4913,-541,-202,-6130,13513,2906,-1564,2151,7183
6912,-2127,-469,-4470,12175,2587,-398,1478,6492
5838,-1430,-246,-3497,11477,2297,-748,1885,5778
7374,-2389,-551,-5435,13162,2519,-1006,1795,6552
7460,-2365,-588,-5687,13442,2474,-624,1156,6584
7374,-2389,-551,-5435,13162,2519,-1006,1795,6552
5271,-712,-347,-6153,13653,2763,-1601,2366,7242
6389,-1703,-378,-4562,12265,2587,-670,1489,6550
7657,-2847,-607,-4083,11966,2389,-684,1418,5844
5973,-1695,-419,-3826,11797,2293,-639,1398,5789
7657,-2847,-607,-4083,11966,2389,-684,1418,5844
5973,-1695,-419,-3826,11797,2293,-639,1398,5789
7657,-2847,-607,-4083,11966,2389,-684,1418,5844
5991,-1456,-455,-4764,12135,2980,-707,1425,6701
6912,-2127,-469,-4470,12175,2587,-398,1478,6492
5991,-1456,-455,-4764,12135,2980,-707,1425,6701
6129,-1545,-418,-4930,12490,2743,-977,1693,6615
6129,-1545,-418,-4930,12490,2743,-977,1693,6615
6549,-1550,-436,-4880,12435,2753,-854,1868,6976
6129,-1545,-418,-4930,12490,2743,-977,1693,6615
6549,-1550,-436,-4880,12435,2753,-854,1868,6976
6129,-1545,-418,-4930,12490,2743,-977,1693,6615
5491,-1192,-363,-4951,12342,2948,-911,1722,7192
6129,-1545,-418,-4930,12490,2743,-977,1693,6615
6344,-1612,-462,-4863,12477,2681,-865,1786,6899
5991,-1456,-455,-4764,12135,2980,-707,1425,6701
6069,-1221,-366,-5221,12779,2734,-1024,2066,6834
5986,-1618,-415,-4557,11820,3120,-681,1404,6971
5991,-1456,-455,-4764,12135,2980,-707,1425,6701
5932,-1492,-411,-4813,12285,2856,-741,1524,6739
5991,-1456,-455,-4764,12135,2980,-707,1425,6701
5491,-1192,-363,-4951,12342,2948,-911,1722,7192
5491,-1192,-363,-4951,12342,2948,-911,1722,7192
6344,-1612,-462,-4863,12477,2681,-865,1786,6899
5491,-1192,-363,-4951,12342,2948,-911,1722,7192
7712,-2059,-653,-3882,11494,2726,-710,1332,5958
